0.0 1.498557628856636 4.243982468796759 3.4600207786298207 8.336662788671145 5.522932502332053 6.665254407054982 9.883913968900774 7.570321465130473 9.667878703219106 11.648684854540337 12.60121784641725 
1.498557628856636 0.0 5.639316688896187 4.897194995070634 8.872910763807699 7.165353541423868 7.64011715822323 11.801588564946025 8.427870626936686 10.498998214600498 12.583170173561722 13.536119383092046 
4.243982468796759 5.639316688896187 0.0 5.3704880975349365 10.089939831717231 7.545333249976285 7.644378912670766 12.38068489854928 10.057489990104278 11.595980217812203 12.589659739676542 13.542657397482632 
3.4600207786298207 4.897194995070634 5.3704880975349365 0.0 9.549712959885962 7.072947380053686 6.898693860775192 10.795719935944215 7.745471069939405 9.886669949868585 11.854446827525473 12.807253996219723 
8.336662788671145 8.872910763807699 10.089939831717231 9.549712959885962 0.0 6.723162795524286 4.709606012632878 9.996139291109442 3.6904378983606985 4.161056074457322 9.680694697716056 10.633444356411234 
5.522932502332053 7.165353541423868 7.545333249976285 7.072947380053686 6.723162795524286 0.0 2.5707379065266034 5.824012754884009 6.187680364915548 6.529678052952869 7.533529289523143 8.48646902054252 
6.665254407054982 7.64011715822323 7.644378912670766 6.898693860775192 4.709606012632878 2.5707379065266034 0.0 5.965986726139872 4.3342840464088646 3.9884487760495793 5.015042292746001 5.967609447701424 
9.883913968900774 11.801588564946025 12.38068489854928 10.795719935944215 9.996139291109442 5.824012754884009 5.965986726139872 0.0 8.501548830714746 9.244356848309677 10.93853783762003 11.891260974289464 
7.570321465130473 8.427870626936686 10.057489990104278 7.745471069939405 3.6904378983606985 6.187680364915548 4.3342840464088646 8.501548830714746 0.0 0.33749388585649576 9.324034551520342 10.27658921854286 
9.667878703219106 10.498998214600498 11.595980217812203 9.886669949868585 4.161056074457322 6.529678052952869 3.9884487760495793 9.244356848309677 0.33749388585649576 0.0 8.980253909385901 9.932894304385886 
11.648684854540337 12.583170173561722 12.589659739676542 11.854446827525473 9.680694697716056 7.533529289523143 5.015042292746001 10.93853783762003 9.324034551520342 8.980253909385901 0.0 3.320847034038801 
12.60121784641725 13.536119383092046 13.542657397482632 12.807253996219723 10.633444356411234 8.48646902054252 5.967609447701424 11.891260974289464 10.27658921854286 9.932894304385886 3.320847034038801 0.0 
