0.0 8.318423828617096 9.165905404314833 10.586702957484919 8.511081352170871 3.79835865851728 6.246517787345833 4.120645166385557 8.71864982536712 9.115774751888468 10.068313411680295 
8.318423828617096 0.0 1.498557628856636 4.243982468796759 3.4600207786298207 8.336662788671145 5.522932502332053 6.665254407054982 9.883913968900774 11.648684854540337 12.60121784641725 
9.165905404314833 1.498557628856636 0.0 5.639316688896187 4.897194995070634 8.872910763807699 7.165353541423868 7.64011715822323 11.801588564946025 12.583170173561722 13.536119383092046 
10.586702957484919 4.243982468796759 5.639316688896187 0.0 5.3704880975349365 10.089939831717231 7.545333249976285 7.644378912670766 12.38068489854928 12.589659739676542 13.542657397482632 
8.511081352170871 3.4600207786298207 4.897194995070634 5.3704880975349365 0.0 9.549712959885962 7.072947380053686 6.898693860775192 10.795719935944215 11.854446827525473 12.807253996219723 
3.79835865851728 8.336662788671145 8.872910763807699 10.089939831717231 9.549712959885962 0.0 6.723162795524286 4.709606012632878 9.996139291109442 9.680694697716056 10.633444356411234 
6.246517787345833 5.522932502332053 7.165353541423868 7.545333249976285 7.072947380053686 6.723162795524286 0.0 2.5707379065266034 5.824012754884009 7.533529289523143 8.48646902054252 
4.120645166385557 6.665254407054982 7.64011715822323 7.644378912670766 6.898693860775192 4.709606012632878 2.5707379065266034 0.0 5.965986726139872 5.015042292746001 5.967609447701424 
8.71864982536712 9.883913968900774 11.801588564946025 12.38068489854928 10.795719935944215 9.996139291109442 5.824012754884009 5.965986726139872 0.0 10.93853783762003 11.891260974289464 
9.115774751888468 11.648684854540337 12.583170173561722 12.589659739676542 11.854446827525473 9.680694697716056 7.533529289523143 5.015042292746001 10.93853783762003 0.0 3.320847034038801 
10.068313411680295 12.60121784641725 13.536119383092046 13.542657397482632 12.807253996219723 10.633444356411234 8.48646902054252 5.967609447701424 11.891260974289464 3.320847034038801 0.0 
